1 5.59 1 0 1 3.59 1 0 0.0
3 4.59 2 2 2 9.59 2 1 2.0
3 4.59 2 0 3 4.59 1 2 0 0.0 0 0 0 0.0 0 0 0.0
3 4.59 1 1 3 4.59 1 2 3 4.59 1 1 1 3.59 2 1 2.0
3 4.59 2 1 1 5.59 1 0 3 4.59 1 1 1 3.59 2 1 2.0
0 0.0 0 0 0 0.0 0 0 0 0.0 0 0 0 0.0 0 0 0.0
3 4.59 1 1 1 5.59 0 1 0 0.0 0 0 0 0.0 0 0 0.0
3 4.59 1 1 1 5.59 0 1 0 0.0 0 0 0 0.0 0 0 1.0
3 4.59 1 1 1 5.59 0 1 2 9.59 1 0 2 9.59 1 1 1.0
3 4.59 1 1 1 5.59 0 1 2 9.59 1 0 2 9.59 1 1 1.0
3 4.59 1 1 1 5.59 0 1 2 9.59 1 0 2 9.59 1 1 1.0
1 5.59 0 1 0 0.0 0 0 0 0.0 0 0 0 0.0 0 0 0.0
